200100626
200128680
200168445
200135336
200149805
200134020
200200422
200173508
200158930
200100391
200086110
200112223
200068265
200110323
200069602
200162169
200165782
200112276
200134660
200183472
200067387
200183470
200162730
200056924
200156671
200061073
200134324
200139939
200148039
200106483
200155077
200162197
200060426
200073553
200144682
200174329
200166544
200072856
200061742
200131112
200034082
200140367
200116570
200065912
200165622
200052809
200173283
200188574
200061753
200140997
200065786
200184209
200130898
200178718
200142822
200114794
200123981
200116233
200125038
200115162
200103421
200155236
200108778
200052799
200161304
200148262
200115106
200085591
200053743
200156798
200059821
200169632
200085590
200175363
200190981
200129702
200094982
200125725
200108334
200081283
200081932
200078960
200067305
200048140
200062247
200025627
200061998
200052861
200169169
200194172
200118395
200176130
200080157
200080133
200143393
200162323
200114222
200094613
200064962
200162556
200135906
200138643
200130781
200102113
200089184
200200097
200180794
200141389
200123018
200112705
200093830
200069800
200159210
200124558
200162060
200074139
200157519
200155727
200112187
200103719
200100048
200090056
200069384
200065885
200062148
200048680
200155087
200153346
200143333
200047558
200169590
200140255
200141013
200115366
200113751
200072064
200168595
200136940
200151742
200125218
200178242
200185572
200166783
200185458
200161301
200142802
200085864
200070804
200061012
200193945
200143659
200139036
200110342
200173373
200190980
200130465
200174154
200158044
200158374
200126736
200131111
200108333
200118050
200106329
200088725
200083332
200074393
200066056
200053693
200148237
200115110
200102659
200049339
200143390
200149844
200172146
200145904
200148827
200128324
200132703
200132010
200114892
200115161
200046277
200025331
200155350
200139238
200190954
200185286
200167704
200136091
200149973
200147324
200138638
200124280
200094454
200079804
200052864
200128578
200124204
200109343
200086214
200083731
200051424
200052968
200166744
200174764
200135722
200158669
200171748
200156535
200142528
200167324
200163279
200144539
200142895
200140365
200126382
200128345
200129869
200123611
200097286
200113789
200105082
200106697
200102040
200102890
200089108
200083351
200078959
200074537
200066715
200068707
200059573
200056372
200045366
200022004
200180208
200074509
200099787
200070211
200134256
200203078
200151986
200176058
200149016
200146675
200129757
200129701
200129700
200118597
200114882
200129924
200116221
200123564
200099585
200090920
200086482
200059820
200072463
200066054
200056622
200058423
200057336
200034743
200200491
200143301
200129128
200119365
200095211
200099920
200098623
200025626
200181040
200161319
200155447
200124115
200161059
200120533
200133370
200128216
200121933
200115105
200102315
200090469
200103308
200066580
200073357
200066929
200052977
200047509
200162043
200158881
200143330
200109734
200097461
200084746
200150691
200148260
200166214
200155234
200174679
200155912
200154992
200139910
200151688
200152664
200126660
200143332
200133793
200133792
200124290
200129818
200129816
200110618
200113695
200123539
200122039
200118035
200115146
200104506
200097384
200084112
200081269
200079664
200063591
200062134
200037114
200030839
200122615
200152850
200096050
200077617
200082232
200071333
200050983
200042509
200150682
200197915
200190601
200179274
200180669
200167535
200165536
200167484
200155233
200173852
200164806
200124609
200162780
200148636
200157063
200144165
200139130
200140565
200137626
200139097
200138278
200132009
200137757
200131809
200116083
200112085
200127827
200123919
200120762
200112502
200098934
200101760
200083493
200085198
200089011
200083823
200073565
200081966
200060752
200065778
200041605
200143975
200131074
200117043
200115158
200089600
200064488
200051532
200155073
200160917
200153597
200131650
200134752
200135363
200114064
200105147
200108942
200071808
200089183
200101865
200100210
200094384
200085944
200069350
200059096
200069906
200058637
200190047
200155074
200118676
200112891
200096074
200081802
200061375
200166743
200166742
200206040
200202900
200189854
200197735
200141765
200148258
200188798
200181824
200158141
200165592
200148965
200178760
200171774
200160326
200171780
200171733
200171726
200171533
200157423
200135860
200120159
200167223
200109253
200155036
200156749
200145795
200154488
200144841
200153945
200140366
200151687
200141842
200118394
200118393
200153969
200148536
200130155
200143329
200128538
200138533
200093052
200139880
200078807
200104503
200126385
200128344
200129194
200133125
200133111
200125086
200126234
200112185
200106529
200125114
200127713
200121952
200112146
200120097
200112766
200075004
200111891
200114636
200095415
200079622
200059818
200069047
200079512
200081332
200060930
200083730
200072066
200078163
200070802
200068200
200073369
200067902
200071716
200060040
200049197
200052119
200048785
200046038
200029744
200035469
200021992
200168476
200150375
200126383
200123627
200122071
200104033
200106386
200097140
200063570
200051052
200202881
200174754
200152558
200146073
200150034
200143263
200134152
200145723
200144065
200128322
200136664
200116082
200119104
200119615
200097613
200099828
200090919
200094698
200079208
200067741
200066927
200068762
200069414
200063789
200058402
200041590
200058321
200052905
200050049
200048933
200045785
200180733
200192705
200192704
200144140
200146674
200146673
200140084
200134033
200110868
200121981
200110426
200083684
200085540
200081247
200065999
200051584
200034740
200200172
200179854
200169168
200201485
200150676
200198899
200195703
200113567
200162050
200156796
200181795
200171392
200181077
200158569
200174419
200159336
200147840
200109907
200164308
200125832
200160206
200158136
200149279
200149970
200141459
200154106
200141840
200144866
200146849
200151118
200138990
200144313
200141599
200131154
200124737
200139399
200115265
200126298
200124279
200128298
200119681
200132725
200123166
200133925
200121391
200108331
200119454
200111991
200109122
200116983
200070549
200104028
200106448
200112643
200096052
200107826
200065948
200103667
200099395
200102786
200100332
200059819
200059817
200086581
200089704
200096643
200087871
200085036
200085686
200081295
200082220
200074512
200069923
200069699
200076117
200074683
200070159
200066055
200071032
200068705
200066809
200066808
200060374
200055195
200052973
200043703
200046512
200037111
200033671
200013750
200160623
200146059
200142800
200124790
200115160
200094385
200076851
200080156
200035641
200153142
200185757
200188929
200183923
200186959
200151718
200129305
200159578
200149893
200142897
200139131
200134541
200138642
200132008
200132007
200132441
200137021
200134517
200122870
200124962
200105172
200115159
200102720
200118049
200117998
200099827
200096998
200097717
200087328
200087892
200069802
200086466
200059093
200072996
200071763
200050870
200037113
200022002
200166408
200171640
200154491
200152556
200152554
200167865
200104329
200143331
200120383
200110866
200059094
200074510
200072899
200052975
200201484
200193270
200195480
200184331
200183471
200184519
200168878
200173856
200171265
200155232
200175827
200164275
200167421
200157361
200155913
200155899
200166874
200166695
200160803
200150439
200102375
200144163
200148424
200146240
200148245
200145722
200133393
200133392
200129061
200144250
200131408
200143691
200143623
200131214
200138639
200138599
200110867
200122971
200119903
200122129
200112305
200115647
200102216
200112353
200119655
200118239
200116982
200116981
200100373
200099826
200098333
200096716
200096714
200079626
200072851
200091068
200094984
200070259
200091066
200093133
200087888
200041246
200070158
200062859
200062858
200064304
200061011
200052971
200061996
200060095
200056148
200054883
200053767
200034438
200051164
200037112
200031539
200022001
200198624
200131514
200145571
200139983
200142898
200149697
200138640
200079539
200126485
200094460
200107718
200107328
200069922
200069921
200074365
200086536
200059095
200074511
200059816
200075897
200052976
200061619
200053268
200037744
200166919
200148261
200148259
200196010
200173604
200155917
200180482
200173861
200150601
200125757
200140639
200128320
200138641
200133315
200107588
200133934
200119567
200123675
200122461
200102354
200102837
200116523
200111866
200102318
200100739
200093559
200092922
200088790
200059815
200075322
200075290
200074279
200068008
200063858
200058207
200049716
200056407
200052236
200053313
200040209
200022003
200104587
200106572
200075947
200077033
200073136
306008635
306008634
306008633
306008632
306008631
306008630
306008629
306008628
306008627
306008626
306008625
306008624
306008623
306008622
306008621
306008620
306008619
306008618
306008617
306008616
305082094
305082093
305082092
305082091
305082090
305082089
305082088
305082087
305082086
305082085
305082084
305082083
303942293
303942292
303942291
303942290
303942289
303942288
303942287
303942286
303942285
303942284
303942283
303942282
303942281
303942280
303942279
303942278
303942277
303942276
303942275
303942274
303942273
303942272
303942271
303942270
303942269
303942268
303942267
303942266
303942265
303942264
303942263
303942262
303942261
303942260
303942259
303942258
303942257
303942256
303942255
303942254
303942253
303942252
303942251
303942250
303942249
303942248
303942247
303942246
303942245
303942244
303942243
303942242
303942241
303942240
303942239
303942238
303942237
303942236
303942235
303942234
303942233
303942232
303942231
303942230
303942229
303942228
303942227
303942226
303942225
303942224
303942223
303942222
303942221
303942220
303942219
303942218
303942217
303942216
303942215
303942214
303942213
303942212
303942211
303942210
303942209
303942208
303942207
303942206
303942205
303942204
303942203
303942202
303942201
303942200
305082082
305082081
305082080
305082079
305082078
305082077
305082076
305082075
305082074
305082073
305082072
305082071
306019627
306019626
306019625
306019624
306019623
306019622
306019621
306019620
305435967
305435966
305435965
305435964
305435963
305435962
305435961
305435960
305685833
305685832
305685831
305685830
305685829
305685828
305685827
305685826
305685777
305685776
305685774
305685773
305685771
305685770
305685768
305685767
305685765
305685764
305685762
305685761
305685789
305685788
305685787
305685786
305685785
305685784
305685783
305685782
305685781
305685780
305685779
305685778
305685775
305685772
305685769
305685766
305685763
305685760
305685841
305685840
305685839
305685838
305685837
305685836
305685835
305685834
305685759
305685758
305685757
305685756
305685755
305685754
305685753
305685752
305685751
305685750
305685749
305685748
305685747
305685746
305685745
305685744
305503732
305503731
305503730
305503729
305179371
305179370
305179369
305266659
305266658
305266657
305266656
305266655
305266654
305266653
305266652
306135264
306135263
306135262
306135261
306135260
306135259
306135258
306135257
306135256
306135255
306135254
306135253
306135056
306135055
306135054
306135051
306135050
306135049
305331581
305331580
305331579
305331578
305331577
305331576
305331575
305331574
305331573
305331572
305331571
305331570
305331569
305331568
305331567
305331566
305331565
305331564
305331563
305331562
305331561
305331560
305331559
305331558
304514158
304514157
304514156
304514155
304514154
304514153
304514152
304514151
304514150
304514149
306065335
306065334
306065333
306065332
304556260
304556259
304556258
304556257
304556256
304556255
304556254
304556253
305082468
305082467
305082466
305082465
305082464
305082463
305082462
305082461
305082460
305082459
305082458
305082457
305082456
305082455
305082454
305082453
305082448
305082447
305082446
305082445
305082444
305082443
305082442
305082441
305082436
305082435
305082434
305082433
305082432
305082431
305082430
305082429
306035079
306035078
306035077
306035076
306035075
306035074
306035073
306035072
306035071
306035070
306035069
306035068
306035067
306035066
306035065
306035064
306035063
306035062
306035061
306035060
306035059
306033216
306033215
306033214
306033213
306033212
306033211
306033210
306033209
306033208
306033250
306033249
306033248
306033247
306033246
306033245
306033244
306033243
306033242
306033241
306033240
306033239
306033238
306033237
306033236
306033235
306033234
306033233
306033232
306033231
306033230
306033229
306033228
306033227
306033226
306033225
306033224
306033223
306033222
306033221
306033220
306033219
306033218
306033217
306033207
306033206
306033205
306033204
306033203
306033202
306033201
306033200
306033199
306033198
306033197
306033196
306033195
306033194
306033193
306033192
306033169
306033191
306033168
306033190
306033167
306033189
306033166
306033188
306033165
306033187
306033164
306033186
306033163
306033185
306033162
306033184
306033161
306033183
306033160
306033182
306033159
306033181
306033158
306033180
306033157
306033179
306033156
306033178
306033155
306033177
306033154
306033176
306033153
306033175
306033152
306033174
306033151
306033173
306033150
306033172
306033149
306033171
306033148
306033170
306033147
306033107
306033146
306033106
306033145
306033105
306033144
306033104
306033143
306033103
306033142
306033102
306033141
306033101
306033140
306033100
306033139
306033099
306033138
306033098
306033137
306033097
306033136
306033096
306033135
306033095
306033134
306033094
306033133
306033093
306033132
306033092
306033131
306033130
306033129
306033128
306033127
306033126
306033125
306033124
306033123
306033122
306033121
306033120
306033119
306033118
306033117
306033116
306033115
306033114
306033113
306033112
306033111
306033110
306033109
306033108
305959190
305959189
305959188
305959187
305959186
305959185
305959184
305959183
305242705
305242704
305242703
305242702
305580326
305580325
305580324
305580323
305580322
305580321
305580320
305580319
305580318
305580317
305580306
305580305
305580304
305580303
305580302
305580301
305580300
305580299
305580298
305580297
305580286
305580285
305580284
305580283
305580282
305580281
305580280
305580279
305580278
305580277
305830103
305830102
305830101
305830097
305830095
305830094
305830091
305830090
305830089
305830085
305830084
305830083
305325966
305325964
305325970
305325969
305325968
305325973
305325972
305325971
305325967
305325965
305932315
305932314
305932313
305932312
305932311
305932310
305932309
305932308
305210414
305210413
305210412
305210411
305469206
305469205
305469204
305469203
305469202
305469201
305469200
305469199
305469198
305848575
305848574
305848573
305848572
304458892
304458891
304458890
304458889
304458888
304458887
305623259
305623258
305623257
305584181
305584180
305584179
305584178
304715689
304715688
305597397
305597396
305354291
305354290
305354289
305354288
305354285
305354284
305354283
305354282
305354281
305354280
305354279
305354278
305467448
305467446
305467444
305467442
305467440
305467438
305467436
305467434
305354297
305354296
305354295
305354294
305463707
305463706
304876110
304876109
304876108
304876107
305699627
305699626
305699625
305699624
305699623
305699622
305699621
305699620
305699619
305699618
305699617
305699616
305699615
305699614
305699613
305699612
305699611
305699610
305699609
305699608
305699607
305699606
305699605
305699604
305699603
305699602
305699601
305326933
305326932
305326931
305326930
305326929
305326928
305326927
305326926
305326925
305326924
305326923
305326922
305482352
305482351
305482350
305482349
305482348
305482347
305482346
305482345
305482344
305482343
305482342
305482341
304744700
304744699
304744698
304744697
304744696
304744695
304744694
304744693
305640052
305640051
305035556
305035555
305035554
305035553
305035552
305035551
305035550
305035549
305035548
305035547
305035546
305035545
305035544
305035543
305035542
305035541
305558147
305558146
305558145
305558144
305558143
305558142
305558135
305558134
305558133
305558132
305558131
305558130
305558123
305558122
305558121
305558120
305558119
305558118
305558111
305558110
305558109
305558108
305558107
305558106
305558099
305558098
305558097
305558096
305558095
305558094
305558087
305558086
305558085
305558084
305558083
305558082
305558075
305558074
305558073
305558072
305558071
305558070
305558063
305558062
305558061
305558060
305558059
305558058
304699676
304699675
304769301
304769300
304769299
304769298
304769297
304769296
304769295
304769294
304769293
304769292
304769291
304769290
304769289
304769288
304769287
304769286
304769285
304769284
302680163
302680162
302680161
302680160
302680159
302680158
302680189
302680188
302680187
302680186
302680185
302680184
302680183
302680182
302680181
302680180
302680179
302680178
304793181
304793180
304793179
304793173
304793172
304793171
305511481
305511480
305511479
305511478
305150318
305150315
305150312
305150309
305150339
305150338
305150337
305150336
305150335
305150334
305150333
305150332
305150331
305150330
305150329
305150328
305150327
305150326
305150325
305150324
305150323
305150322
305150321
305150320
305150319
305150317
305150316
305150314
305150313
305150311
305150310
305150308
305150307
305106025
305106024
305106023
305106022
305494588
305494587
305494586
305494585
305494584
305494638
305494637
305494636
305494635
305494634
305494633
305494632
305494631
305494630
305494629
305494628
305494627
305494626
305494625
305494624
305494623
305494622
305494621
305494620
305494619
305494618
305494617
305494616
305494615
305494614
304062102
304062101
304062104
304062103
304062100
304062099
304062098
304062097
304062096
304062095
304062094
304062093
304062092
304062091
304062090
304062089
304062088
304062087
304062086
304062085
304062084
304062083
304062082
304062081
304062080
304062079
304062078
304062077
304062076
304062075
304062074
304062073
304062072
305074369
305074368
305074367
305074366
305074365
305074364
305074363
305074362
305074361
305074360
305074353
305074352
305074351
305074350
305074349
305074348
305074347
305074346
305074345
305074344
305074359
305074358
305074357
305074356
305074355
305074354
305074343
305074342
305074341
305074340
305074339
305074338
305074337
305291933
305291932
305291931
305291930
305291929
305291928
305291925
305291924
305291921
305291920
305291917
305291916
305291913
305291912
305291909
305291908
305291905
305291904
305291901
305291900
305291897
305291896
305291893
305291892
305291889
305291888
305291885
305291884
305291881
305291880
305291877
305291876
305291873
305291872
305291871
305291870
305291869
305291868
304904521
304904520
304904519
304904518
304904517
304904516
304904515
304904514
304904513
304904512
304589056
304589055
304589054
304589053
304589052
305342780
305342779
305342778
305342777
305342776
305342775
305322383
305322381
305322379
305322377
305322375
305322373
305322371
305322369
305322367
305288044
305288041
305288040
305288039
305288049
305288048
305288043
305288042
305288050
305288047
305288046
305288045
304672169
304672168
304672167
304672166
304672165
305019839
305019838
305019837
305019836
305019835
305019834
305019833
305019832
304694784
304694783
304694776
304694775
304694774
304694773
304694772
304694771
304694770
304694769
304694768
304694767
304694766
304694765
304694764
304694763
305231638
305231637
305231636
305231635
305231634
305231633
305231632
305231631
305231630
305231629
305231628
305231627
305226655
305226654
305226653
305226652
305226651
305226650
305049244
305049243
305049242
305049241
305049240
305049239
305049232
305049231
305049230
305049229
305049228
305049227
304949735
304949734
304949733
304949732
304949729
304949728
304949727
304949726
304949723
304949722
304949721
304949720
305049238
305049237
305049236
305049235
305049234
305049233
305049226
305049225
305049224
305049223
305049222
305049221
304949731
304949730
304949725
304949724
304949719
304949718
304733148
304733147
304733146
304733145
304733144
304733143
304733142
304733141
304733140
304733139
304733138
304733137
304733136
304733135
304733134
304733133
304733132
304733131
304733130
304733129
304733128
304733127
304733126
304733125
304036717
304036716
304036715
304036714
304036713
304036712
304446982
304446981
305114107
305114106
305114105
305114104
305114103
305101943
305101942
305101941
305101940
305101939
305101938
305101937
305101936
305101935
305101934
305101933
305101932
305099835
305099834
305099833
305099832
305099831
305099830
304976557
304976556
304976555
304976554
304976553
304976552
304976551
304976550
304976549
304976548
304976547
304976546
304976545
304976544
304976543
304976542
304976541
304976540
304976539
304976538
304976537
304976536
304976535
304976534
302973656
302973655
302973654
302973653
305006211
305006210
305006207
305006206
304692795
304692794
304692793
304692792
304692791
304692790
304692789
304692788
304692787
304886543
304886542
304886541
304886540
304886536
304886535
304886534
304822844
304822843
304822840
304822839
304822836
304822835
304822832
304822831
304822828
304822827
304822824
304822823
304822820
304822819
304822816
304822815
304475951
304475950
304475949
304475948
304475947
304475946
304475945
304475944
304475943
304475942
304475941
304475940
304475939
304475938
304475937
304475936
304958230
304958229
304958228
304958227
304958226
304958225
304958218
304958217
304958216
304958215
304958214
304958213
304958206
304958205
304958204
304958203
304958202
304958201
304958194
304958193
304958192
304958191
304958190
304958189
304958182
304958181
304958180
304958179
304958178
304958177
304958170
304958169
304958168
304958167
304958166
304958165
304958158
304958157
304958156
304958155
304958154
304958153
304958140
304958139
304958138
304958137
304958136
304958135
304282040
304282039
304282038
304282037
304282036
304282035
304282034
304282033
304282032
304946325
304946324
304946323
304946322
304946321
304946320
304946319
304946318
304815959
304815958
304815957
304815956
304815955
304815954
304815953
304815952
304815951
304815950
304815949
304815948
304815935
304815934
304815933
304815932
304815931
304815930
304815929
304815928
304815927
304815926
304815925
304815924
304815911
304815910
304815909
304815908
304815907
304815906
304815905
304815904
304815903
304815902
304815901
304815900
304815983
304815982
304815981
304815980
304815975
304815974
304815973
304815972
304815971
304815970
304815969
304815968
304192126
304192125
304192124
304192123
304192122
304192121
304192120
304192119
304192118
304192117
304192116
304192115
304192114
304192113
304192112
304192111
304192110
304192109
304192108
304192107
304192106
304192105
304192104
303680552
303680551
303680550
303680549
303680548
303680547
303680546
303680545
303680544
303680543
303680542
303680541
303680540
304721939
304721938
304721937
304721936
304721935
304721934
304721933
304721932
304721931
304721930
304721929
304721928
304721927
304721926
304879487
304879486
304271552
304271551
304271550
304271549
304271548
304271547
304271546
304271545
304271544
304271543
304271542
304271541
304271540
304271539
304271538
304299136
304299135
304299134
304299133
304299132
304299131
304495448
304495447
304495446
304495445
304290344
304290343
304290342
304290341
304290340
304290339
304290338
304290337
304290336
304290335
304290334
304290333
304813857
304813856
304813855
304813854
304813853
304813852
304813851
304813850
304813849
304813848
304798527
304798526
304798525
304798524
304798523
304798522
304798521
304798520
304798519
304751862
304751861
304751860
304751859
304751858
304751857
304751856
304751855
304550618
304550617
304550616
304550615
304745079
304745078
304745077
304745076
304745075
304745074
304745073
304745072
304745071
304641429
304641428
304641427
304641426
304641425
304641424
304641423
304641422
304641421
304641420
304641419
304641418
304641417
304641416
304641415
304658970
304658969
304658968
304658967
304658966
304658965
304658964
304658963
304658962
304658961
304658960
304658959
304663998
304663997
304663996
304663995
304663994
304663993
304663992
304663991
304160137
304160136
304160135
304160134
304160133
304160132
302735639
302735638
302735637
302735636
304293606
304293586
304293584
304293578
304293568
304293562
304293560
304293642
304293641
304293640
304293639
304293638
304293637
304293636
304293635
304293634
304293633
304293632
304293631
304293630
304293629
304293628
304293627
304293626
304293625
304293624
304293623
304293622
304293621
304293620
304293619
304293618
304293617
304293616
304293615
304293614
304293613
304293612
304293611
304293610
304293609
304293608
304293607
304293605
304293604
304293603
304293602
304293601
304293600
304293599
304293598
304293597
304293596
304293595
304293594
304293593
304293592
304293591
304293590
304293589
304293588
304293587
304293585
304293583
304293582
304293581
304293580
304293579
304293577
304293576
304293575
304293574
304293573
304293572
304293571
304293570
304293569
304293567
304293566
304293565
304293564
304293563
304293561
304214035
304214034
304214033
304214032
304214053
304214052
304214051
304214050
304214049
304214048
303402674
303402673
303402672
303402671
303402666
303402665
303402664
303402663
303402662
303402661
304158427
304158426
304158425
304158424
304158423
304158422
304158421
304158420
304158419
304158418
304158417
304158416
304158415
304158414
304158413
304158412
304158411
304158410
304158409
304158408
304158407
304158406
304158405
304158404
304158403
304158402
304158401
304158400
304158399
304158398
304158397
304158396
304158395
304158394
304403974
304403973
304403972
304403971
304403970
304403969
304403968
304403967
304403966
304202225
304202224
304202223
304202222
304202221
304202220
304202219
304202218
304202217
304202216
304202215
304202213
304202212
304202211
304202210
304202209
304202208
304202207
304202206
304202205
304202204
304202203
304202202
304478781
304478780
304478779
304154187
304154186
304154185
304154184
304154183
304154182
304670767
304670766
304670765
304670764
304670763
304670762
304670761
304670760
304670759
304670758
304282355
304282354
304282353
304282352
304150249
304150248
304150247
304150246
304150245
304150244
304150243
304150242
304150241
304150240
304150239
304150238
304150237
304150236
304150235
304150234
304150233
304150232
304661073
304661072
304661071
304661070
304661069
304661068
304256670
304256669
304256668
304256667
304256666
304256665
304256664
304256663
304256662
304256661
304256660
304256659
303610687
303610686
303610685
303610684
303610683
303610682
303610681
303610680
303610679
304473280
304473279
304473278
304473277
304473276
304473275
304473274
304473273
304473272
304473271
304473270
304473269
304174248
304174247
304174246
304174245
304174244
304174243
304174242
304174241
303940762
303763006
303763005
303762998
303762997
303762996
303762995
303762994
303762993
304368683
304368682
304368685
304368684
304040978
304040977
304040976
304040975
304040974
304040973
304127884
304127883
304127882
304127899
304127898
304127897
304127896
304127895
304127894
304127893
304127892
304127891
304127890
304127889
304127888
304127887
304127886
304127885
304127881
304127880
304127879
304127878
304127877
304127876
304445998
304445997
304445996
304445995
304445994
304445993
304445992
304567014
304567013
304567012
304567011
303905562
303905561
303905560
303905559
303732954
303732953
303732952
303732951
303732958
303732957
303732956
303732955
304519114
304519113
304519112
304519111
304519110
304519109
304519108
304519107
304519106
304519105
304519104
304519103
304519102
304519101
304519100
304519099
303907596
303907595
303907594
303907593
304331579
304331578
304331577
304331576
304176098
304176097
303907600
303907599
303907598
303907597
304279089
304279088
304279087
304279086
304279085
304279084
303721670
303721669
303721668
303721667
303721666
303721665
303721664
303721663
303721662
303721661
303721660
304125810
304125808
304125807
304125806
304125805
304125804
304125803
304125802
303692343
303692342
303692341
303692340
304483541
304483540
304483539
304483538
304483537
304483536
304483535
304483534
304483533
304483532
304483531
304483530
304483529
304483528
304483527
304483526
304483525
304483524
304483523
304483522
304483521
304483520
304483519
304483518
304483517
304483516
304483515
304483514
304284449
304284448
304284447
304284446
303775677
303775676
303775675
303775674
304130832
304130831
304130830
304130829
304130828
304130827
304130826
304130825
304130824
304130823
304130822
304130821
304130820
304130819
304130818
304130817
303671391
303671393
303671386
303671392
303671390
303671389
303671388
303671387
303671385
303671384
303720428
303720427
303720426
303720425
304278106
304278105
304278104
304278103
304278102
304278101
304278100
304278099
304278098
304278097
304257250
304257249
304257248
304257247
304257246
303791730
303791729
303791728
303791727
303791726
303791725
303791724
303791723
304104321
304104320
304104319
304104318
304104317
304104316
304104315
304104314
304104313
304104312
304104311
304104310
304104309
304104308
304104307
304104306
304240281
304240280
304240279
304240278
304240284
304240283
304240282
303267698
303267697
303267696
303267695
303267690
303267689
303267688
303267687
303943980
303943979
303943978
303943977
303943976
303943975
303943974
303943973
303767753
303767752
303767751
303767750
304114803
304114802
304114800
304114799
304114798
304114797
304114796
304114795
304114794
304114793
304114784
304114783
304114782
304114781
304114780
304114779
304114778
304114777
304114776
304114775
304114774
304114773
304114772
304114771
304114770
304114769
304114768
304114767
303753522
303753520
303753518
303753517
303753516
303753515
303753514
303753513
303753511
303753509
303753507
303753505
303753504
303753503
303753502
303753501
303753521
303753519
303753512
303753510
303753508
303753506
303544718
303544717
303544716
303544715
303544714
303544713
303544712
303544711
303966956
303966954
303966953
303966952
303966951
303966950
303966949
303834407
303834406
303834405
303834404
303834403
303834402
303834401
303834400
303834399
303834398
303834397
303834396
304006619
304006618
304006617
304006616
304006615
304006614
304006613
304006612
304006611
304006610
304006609
304006608
304006607
304006606
304006605
304006604
304006603
304006602
304006601
304006600
304006599
304006598
304006597
304006596
304006571
304006570
304006569
304006568
304006567
304006566
304006565
304006564
304006563
304006562
304006561
304006560
304006559
304006558
304006557
304006556
304006555
304006554
304006553
304006552
304006551
304006550
304006549
304006548
304006523
304006522
304006521
304006520
304006519
304006518
304006517
304006516
304006515
304006514
304006513
304006512
304006511
304006510
304006509
304006508
304006507
304006506
304006505
304006504
304006503
304006502
304006501
304006500
304006475
304006474
304006473
304006472
304006471
304006470
304006469
304006468
304006467
304006466
304006465
304006464
304006463
304006462
304006461
304006460
304006459
304006458
304006457
304006456
304006455
304006454
304006453
304006452
303763625
303763624
303763623
303763622
303763621
303763620
303763619
303763618
303763617
303763616
303763615
303763614
303763613
303763612
303763611
303763610
303763609
303763608
303763607
303763606
303763605
303763604
303763603
303763602
303763601
303763600
303763599
303763598
303763597
303763596
303490794
303490793
303490792
303490791
303490790
303490789
303490788
303490787
303490786
303490785
303490784
303490783
303490782
303490781
303490780
303490779
303490778
303490777
303490776
303490775
304075585
304075584
304075583
304075582
303722582
303722581
303722580
303722579
303722578
303722577
303722576
303722575
303722574
303722558
303722557
303722556
303722555
303722554
303722553
303722552
303722551
303722550
303526850
303526849
303526848
303526847
303526846
303526845
303526844
303526843
304054751
304054750
304054749
303671691
303671690
303671689
303671688
303671687
303671686
303671685
303671684
303671683
303671682
303671681
303671680
303208719
303208718
303208717
303208716
303208715
303208714
303208713
303208712
303208711
303208710
303890771
303890770
303890769
303890768
302097524
302097523
302097522
303560216
303560215
303560214
303566421
303566420
303566419
303566418
303566417
303566416
303566415
303566414
303566413
303566412
303566411
303566410
303566409
303566408
303566407
303566406
303566405
303566404
303566403
303566402
303566401
303566400
303566399
303566398
303566397
303165435
303165434
303165433
303165432
303702257
303702256
303702263
303702262
303702261
303702260
303702259
303702258
303900213
303900212
303900211
303900210
303900209
303900208
303525663
303525662
303525661
303525660
303525659
303525655
303525654
303525653
303525652
303525651
303746277
303746276
303746275
303746274
303746273
303746272
303746271
303746270
303746269
303746268
303525668
303525667
303525666
303525665
303525664
303057215
303057214
303057213
303057212
303057211
303057210
303057209
303057208
303059585
303059584
303059583
303059582
303059581
303059580
303059579
303059578
303059577
303059576
303059575
303059574
303069555
303069554
303069553
303069552
303069551
303069550
303069549
303069548
303131865
303131863
303131866
303131864
302895439
302895438
302895437
302895436
303563714
303563713
303563712
303563711
303396989
303396988
303396973
303396972
303396971
303396970
303396969
303396968
303396967
303396966
303396965
303396964
303396963
303396962
303396961
303396960
303396959
303214388
303214387
303214386
303214385
303214384
303397009
303397008
303397007
303397006
303397005
303397004
303397003
303397002
303397001
303397000
303396999
303396998
303396997
303396996
303396995
303396994
303396993
303396992
303396991
303396990
302838833
302838832
302838831
302838830
303450424
303450423
303450422
303450421
303450420
303450419
303450418
303450417
303450416
303450415
303450414
303450413
303168388
303168390
303168389
303168387
303507230
303507229
303507228
303507227
303507226
303507225
303507224
303507223
303507222
303507221
302823266
302823265
302823262
302823261
302823258
302823257
302823256
302743738
302743737
302743736
302743735
302743734
302743733
303450277
303450276
303450275
303450274
303450273
303450272
303450271
303450270
303165353
303165352
303165351
303165350
303165349
303165348
303165347
303165346
303165345
303165344
303165343
303165342
303048767
303048766
303048763
303048762
303466809
303466808
303454278
303454277
303454276
303454275
303454274
303068267
303068266
303068265
303068264
302735373
302735372
303316961
303316960
303316959
303316958
303316957
303316956
303378864
303378863
303378862
303378861
303378860
303378859
303378858
303378857
303378856
303378855
303371797
303371796
303371795
303371794
303371793
303371792
303371791
303371790
302916319
302916318
302916317
302916316
302916315
302916314
302916313
302916312
302916311
302916310
302916309
302916308
302916307
302916306
303323390
303323389
302573140
302573139
302573138
302573137
302573142
302573141
302573136
302573135
302573134
302573133
303266821
303266820
303266819
303266818
303042964
302734702
302734701
302991185
302991184
302991183
302991182
302991181
302991180
302991179
302991178
302991177
302787955
302787954
302787953
302787952
302787951
302787950
303146286
303146285
303146284
303146283
303146282
303146281
303146280
303146279
303146278
303146277
303146276
303146275
302817689
302817688
302817687
302817686
302817685
302817684
302817683
302817682
302817681
302817680
302817679
302771002
302771001
302771000
302770999
302770998
302770997
302770996
302770995
302770994
302770993
302770992
302770991
302770990
302770989
301625841
301625839
301625837
301625835
301625833
301625831
301625829
301625827
301625825
301625823
302845557
302845542
302845572
302845568
302845564
302845560
302845553
302845549
302845545
302845533
302845527
302360180
302360179
302360178
302360177
302360176
302360175
302648087
302648086
302648085
302648084
302648083
302648082
302648081
302648080
302648079
302648078
302648077
301611594
301611593
302867900
302877030
302877029
302293851
302293850
302293849
302293848
302293847
302293846
302293845
302293844
302293843
302293842
302293841
302293840
302293839
302293838
302293837
302293836
302293835
302293834
302293833
302293832
302293831
302293830
302293829
302293828
302293827
302293826
302293825
302293824
302293823
302293822
302293821
302293820
302293819
302293818
302293817
302293816
302293815
302293814
302293813
302293812
302293811
302293810
302293809
302293808
302293807
302293806
302293805
302293804
302293803
302293802
302293801
302293800
302293799
302293798
302293797
302293796
302293795
302293794
302293793
302293792
302293791
302293790
302293789
302293788
302293787
302293786
302293785
302293784
302293783
302293782
302293781
302293780
302293779
302293778
302293777
302293776
302293775
302293774
302293773
302293772
302293771
302293770
302293769
302293768
302293767
302293766
302293765
302293764
302293763
302293762
302293761
302293760
302293759
302293758
302293757
302293756
302293755
302293754
302293753
302293752
302293751
302293750
302653807
302653806
302653805
302653804
302653803
302653802
302653801
302653800
302692351
302692350
302481057
302481056
302481055
302481054
302481053
302481052
302643420
302643419
302643418
302643417
302842830
302664273
302664272
302664271
302664267
302664266
302664265
302664258
302664257
302664256
302722301
302602090
302602089
302602088
302602087
302602086
302602085
302602084
302602083
302602082
302602081
302602080
302602079
302602078
302602077
302602076
302602075
302602074
302602073
302602072
302602071
302602070
302628054
302628053
302628052
302628051
302628050
302628049
302628048
302628047
302628046
302628045
302628044
302628043
302628042
302628041
302628040
302628039
302747855
302747854
302747853
302747852
302747851
302747850
302747843
302747842
302747841
302747840
302747839
302747838
302746370
302746369
302746368
302746367
302678056
302678055
302678054
302678053
302678052
302678051
302678050
302678049
302742572
302742571
302742570
302742569
302742568
302742567
302742566
302742565
302742553
302742552
302714739
302714737
302714728
302714726
302417516
302417515
302417514
302417513
302417512
302417511
302417510
302417509
302417508
302417507
302099060
302099059
302099058
302099057
302099056
302099055
302099054
302099053
302099052
302099051
302099050
302099049
302714740
302714738
302714727
302714725
301712842
301712841
301712840
301712839
301712838
301712837
301446871
301446870
301446867
301446866
301446865
301446864
301446863
301446862
301446857
301446856
301446855
301446854
301446853
301446852
301446851
301446850
301446847
301446846
302717364
302717363
302717362
302717361
302717360
302717359
302717358
302652253
302652252
302652251
302652250
302652249
302652248
302652247
302652246
302652245
302652244
302536332
302536331
302536330
302278890
302278889
302278888
302278887
302278886
302278885
302278884
302278878
302278883
302278877
302278882
302278876
302278881
302278875
302278880
302278874
302278879
302278873
302278861
302278872
302278860
302278871
302278859
302278870
302278858
302278869
302278857
302278868
302278856
302278867
302278855
302278866
302278854
302278865
302278853
302278864
302278852
302278863
302278851
302278862
302278850
302278849
302278848
302278847
302278846
302278845
302278844
302579680
302579679
301891625
301891624
301891621
301891620
302476018
302476017
302476016
302476015
302476014
302476013
302476012
302476011
302476010
302476009
302476008
302476007
302476006
302476005
302476004
302476003
302476002
302476001
302476000
302475999
302475998
302475997
302549654
302549653
302549652
302549651
302549650
302549649
302200068
302200067
302200066
302200065
302200064
302200063
302200062
302200061
302342121
302342120
302342119
302342118
301873379
301873378
301873377
301873376
302260119
302260118
302260117
302260116
302260111
302260110
302260109
302260108
302260107
302260106
302493798
302493796
301722097
301722096
302462935
302462934
302462933
302055244
302420419
302420418
302327828
302327827
302327826
302327825
302288308
302288307
302288306
302288305
302288304
302288303
302288302
302288300
302288298
302288297
302288301
302288299
302288296
302288295
302199606
302199605
302199604
302199603
302199602
302199601
302199600
302199599
302199598
302199597
302199596
302199595
302199594
302199593
302199592
302199591
302199586
302199585
302199584
302199583
302199582
302199581
302177907
302177906
302177905
302177904
302177903
302177902
302177901
302177900
302177899
302177898
302177897
302177896
302177895
302177894
302177893
302177892
302177891
302177890
302177889
302177888
302177887
302177886
302177885
302177884
302096530
302096529
302096528
302096527
302096526
302096525
302096524
302096523
302096522
302096521
302096520
302096519
302424856
302424855
302424854
302424853
302424852
302424851
302219157
302219156
302219155
302219154
302219153
302219152
302219151
302219150
302219149
302219148
302219147
302219146
302219145
302219144
302219143
302219142
302346475
302346474
302227375
302227374
302227373
302227372
302227371
302227370
302227369
302227368
302227367
301898021
301898020
301898019
301898018
301898013
301898012
301898011
301898010
302186731
302186730
302186729
302186728
302186727
302186726
302186725
302186724
302303103
302303102
302303101
301704596
301704595
301704594
301704593
301704592
301704591
301704590
301704589
301704588
301704587
301704586
301704585
301704584
301704583
301704582
301704581
301704580
301704579
301704578
301704577
301704576
301704575
301704550
301704549
301704548
301704547
301704546
301704545
301704544
301704543
301704542
301704541
301704540
301704539
301704538
301704537
301704536
301704535
301704534
301704533
301704532
301704531
301704530
301704529
301704528
301704527
301704526
301704525
301704524
301704523
301704522
301704521
301704520
301704519
301704518
301704517
301704516
301704515
301704514
301704513
301704512
301704511
301704510
301704509
301704508
301704507
301704506
301704505
301704504
301704503
302054401
302054400
302054399
302054398
302054397
302054396
302186925
302186924
302186923
302186922
302186921
302186920
302186919
302186918
302103082
302103081
302103080
301427364
301427363
301427362
301513412
301513411
301513410
301513409
301513408
301513407
301513406
301513405
302101543
302101542
302101541
302101540
302101539
302101538
302101537
302101536
302101535
302101534
302101533
302101532
301513430
301513429
301513428
301513427
301513426
301513425
301513424
301513423
301513422
301513421
301513420
301513419
301513418
301513417
301513416
301513415
301513414
301513413
301513404
301513403
301513402
301513401
301513400
301513399
301513398
301513397
301513396
301513395
301513394
301513393
301513392
301513391
301513390
301513389
301513388
301513387
301513386
301513385
301513384
301513383
301513382
301513381
301819228
301819227
301819226
301819225
301819224
301819223
301819222
301819221
301819220
301819219
301819218
301819217
301665599
301665598
301665597
301665596
301665595
301665594
302113585
302113584
302113580
302113583
302113582
302113581
302100602
302100601
302100600
302100599
302100598
302100597
302100596
301832724
301832723
301832722
301832721
301832720
301832719
301876369
301876368
301876371
301876370
301876367
301876366
302087996
302087995
302087994
302087993
302087992
301707655
301707654
301707653
301707652
301712850
301712849
301712848
301712847
301712846
301921996
301712845
301921995
301712844
301921994
301712843
301712836
301712835
301712834
301712833
301712832
301712831
301922004
301922003
301922002
301922001
301446879
301922000
301446878
301921999
301446877
301921998
301446876
301921997
301446875
301921993
301446874
301921992
301446838
301921991
301446834
301921990
301446833
301921989
301446832
301655066
301655065
301655064
301655063
301655062
301655061
301655060
301655059
301674129
301674128
301674127
301674126
301674125
301674124
301674123
301674122
301674121
301674120
301674119
301674118
301674117
301674116
301674115
301674114
301674113
301674112
301674111
301674110
301666844
301666843
301666842
301666841
301666840
301666839
301666838
301666837
301666836
301666835
301666834
301666833
301666832
301666831
301666830
301666829
301666828
301666827
301666826
301666825
301666824
301666823
301666822
301666821
301666820
301666819
301666818
301666817
301666816
301666815
301666814
301666813
301666812
301666811
301666810
301666809
301666808
301666807
301666806
301666805
301887643
301634452
301634451
301634450
301634449
301634448
301634447
301634446
301634445
301634444
301634443
301916182
301916181
301914373
301854013
301854007
301854006
301854005
301854004
301854003
301853997
301853996
301853995
301853994
301853993
301853987
301853986
301853985
301853984
301853983
301709031
301709030
301709029
301709028
301709027
301709026
301709025
301709024
301709023
301709022
301709021
301709020
301709019
301709018
301709017
301709016
301709015
301709014
301709013
301709012
301891969
301891968
301891967
301891966
301891965
301891964
301630481
301630480
301630479
301630478
301630477
301630476
301630475
301630474
301630473
301630472
301630471
301630470
301657725
301657724
301657723
301657722
301657721
301657720
301371490
301371489
301371488
301371487
301371486
301371485
301371484
301371483
301371482
301371481
301371480
301371479
301371478
301371477
301371476
301371475
301371474
301371473
301371472
301371471
301371470
301371469
301371468
301371467
301371466
301371465
301371464
301371463
301371462
301371461
301371460
301371459
301371458
301371457
301371456
301371455
301371454
301371453
301371452
301371451
301371450
301371449
301371448
301371447
301371446
301371445
301371444
301371443
301613700
301613699
301613698
301613697
301825745
301825744
301825743
301825742
301825741
301825740
301825739
301825738
301679362
301679360
301679358
301679356
301717893
301717892
301717891
301717890
301553255
301553254
301553253
301553252
301553251
301553250
301553249
301553248
301700886
301700885
301700894
301700893
301700892
301700891
301700890
301700889
301700888
301700887
301464106
301464105
301464104
301464103
301464102
301464101
301464100
301464099
301464098
301464097
301464096
301464095
301477396
301477395
301477394
301477393
301477392
301477391
301477390
301477389
301552808
301552807
301487111
301487109
301487107
301487105
301487103
301487101
301487099
301487097
301606114
301606113
301606112
301606111
301606110
301606109
301606108
301606107
301609426
301609425
301609424
301609423
301609422
301609421
301609420
301609419
301609418
301609417
301609416
301609415
301609414
301609413
301609412
301609411
301609410
301609409
301609408
301609407
301609406
301609405
301609404
301609403
301609402
301609401
301609400
301609399
301609398
301609397
301609396
301609395
301609394
301609393
301609392
301609391
301609390
301609389
301609388
301609387
301609386
301609385
301609384
301609383
301609382
301609381
301609380
301609379
301609378
301609377
301520229
301520228
301520227
301520224
301520223
301520222
301520220
301520219
301520218
301520216
301520215
301520214
301520231
301520230
301520226
301520225
301520221
301520217
301410300
301410299
301410298
301410297
301410296
301403308
301403307
301547551
301547550
301547549
301279709
301279708
301279707
301509453
301509452
301509451
301518043
301518042
301518041
301518040
301479650
301479649
301479648
301479647
301479646
301479645
301479644
301479643
301479642
301479641
301479640
301479639
301479638
301479637
301479636
301479635
301479634
301479633
301479632
301479631
301479630
301479629
301479628
301479627
301479626
301479625
301479624
301479623
301479622
301479621
301479620
301479619
301479618
301479617
301479616
301479615
301479614
301479613
301479612
301479611
301479610
301479609
301479608
301479607
301479606
301479605
301479604
301479603
301479602
301479601
301479596
301479595
301479594
301479593
301479590
301479589
301479588
301479587
301479586
301479585
301479653
301479652
301479651
301479584
301479583
301479582
301479581
301479580
301479579
301479578
301479577
301479576
301479575
301479574
301479573
301479572
301479571
301479570
301479569
301479600
301479599
301479598
301479597
301479592
301479591
301245225
301245224
301245223
301245222
301245221
301245220
301245216
301245215
301245214
301464902
301464901
301464904
301464903
301206279
301387092
301387088
301365926
301365919
301387091
301387087
301365925
301365918
301347626
301347625
301347624
301347623
301415872
301415871
301248735
301248732
301248729
301410675
301410674
301410673
301410672
301410671
301410670
301410669
301410668
301276400
301276399
301276398
301276397
301276396
301276395
301276394
301276393
301276392
301276391
301276390
301276389
301276388
301276387
301276386
301276385
301276384
301276383
301276382
301276381
301276380
301276379
301276378
301276377
301276376
301276375
301276374
301276373
301276372
301276371
301276370
301276369
301276368
301276367
301276366
301276365
301276364
301276363
301276362
301276361
301276360
301276359
301276358
301276357
301276356
301276355
301276354
301276353
301276352
301276351
301276350
301276349
301276348
301276347
301326111
301326110
301379704
301379703
301379702
301379701
301379700
301379699
301379698
301379697
301379696
301300281
301300280
301300279
301276562
301276561
301276560
301276559
301276558
301276557
301276556
301276555
301276554
301276553
301276552
301276551
301276550
301276549
301276548
301276547
301276546
301276545
301316795
301316794
301316797
301276544
301276543
301276540
301276539
301316798
301316827
301316824
301316823
301276538
301276537
301316826
301316825
301276566
301276565
301276564
301276563
301316796
301316822
301316821
301316820
301316819
301316818
301316817
301276542
301316816
301276541
301316815
301316814
301316811
301316810
301316809
301316808
301316807
301316806
301316805
301316804
301316803
301316802
301316801
301316799
301316813
301316812
301316800
301289257
301289256
301279586
301279585
301279584
301279583
301279582
301279581
301279580
301279579
301279578
301279577
301279576
301279575
301279574
301279573
301279572
301279571
301279570
301279569
301279568
301279567
301279566
301279590
301279589
301279588
301279587
301195329
301195328
301195327
301195326
301195325
301195324
301195323
301195322
301195319
301195318
301259975
301259974
301259983
301259979
301259982
301259978
301197621
301197620
301197619
301197618
301197617
301197616
301197615
301197614
301197613
301197612
301152439
301152438
301152437
301152436
301122210
301122209
301122208
301122207
301122206
301122205
300988392
300910954
300910953
300689378
300689377
300689376
300689374
300689373
300689372
300623387
300623386
300623385
300623383
300623382
300623381
300765301
300765299
300765298
300765297
300765296
300765295
300765294
300765293
300765292
300765290
300765302
300765300
300765291
